Experiment:, Cathode characterisation
Start date:, ?ter? 25. dubna 2023
Start time:, 11:15:01 +02:00
Time (s), Voltage (V), Current Density (A/cm2)
728.05, 0.4005643, 0.04909522
728.1, 0.4015122, 0.04909522
728.15, 0.4026182, 0.05081825
728.2, 0.4035662, 0.0486253
728.25, 0.4045142, 0.05207136
728.3, 0.4054621, 0.05081825
728.35, 0.4064101, 0.04987842
728.4, 0.4073581, 0.0494085
728.45, 0.4083061, 0.05003506
728.5, 0.409254, 0.05285456
728.55, 0.41036, 0.05207136
728.6, 0.411308, 0.05269792
728.65, 0.4125719, 0.05160145
728.7, 0.4135199, 0.04956514
728.75, 0.4146259, 0.04831202
728.8, 0.4155739, 0.04909522
728.85, 0.4166798, 0.04878194
728.9, 0.4176278, 0.04909522
728.95, 0.4185758, 0.04925186
729, 0.4196817, 0.05285456
729.05, 0.4206297, 0.05034833
729.1, 0.4215777, 0.05191473
729.15, 0.4225257, 0.05269792
729.2, 0.4236316, 0.05160145
729.25, 0.4244216, 0.05222801
729.3, 0.4253696, 0.0537944
729.35, 0.4264756, 0.05285456
729.4, 0.4274235, 0.05363776
729.45, 0.4283715, 0.05395104
729.5, 0.4293195, 0.05254128
729.55, 0.4304255, 0.05567407
729.6, 0.4313734, 0.05269792
729.65, 0.4323214, 0.05395104
729.7, 0.4334274, 0.05363776
729.75, 0.4343754, 0.05191473
729.8, 0.4353233, 0.05316784
729.85, 0.4364293, 0.05363776
729.9, 0.4373773, 0.05489087
729.95, 0.4383253, 0.0545776
730, 0.4392732, 0.05426432
730.05, 0.4403792, 0.0545776
730.1, 0.4414852, 0.05363776
730.15, 0.4424331, 0.0537944
730.2, 0.4433811, 0.05348112
730.25, 0.4443291, 0.0545776
730.3, 0.4452771, 0.05395104
730.35, 0.446383, 0.05426432
730.4, 0.447331, 0.0537944
730.45, 0.448279, 0.05504751
730.5, 0.449385, 0.05583071
730.55, 0.4503329, 0.05598735
730.6, 0.4512809, 0.05614398
730.65, 0.4522289, 0.05551743
730.7, 0.4533348, 0.05551743
730.75, 0.4542828, 0.05551743
730.8, 0.4553888, 0.05645727
730.85, 0.4563367, 0.0545776
730.9, 0.4572847, 0.05645727
730.95, 0.4585487, 0.05708382
731, 0.4593387, 0.05598735
731.05, 0.4602866, 0.05598735
731.1, 0.4613926, 0.05583071
731.15, 0.4623406, 0.05614398
731.2, 0.4632886, 0.05520415
731.25, 0.4642365, 0.05645727
731.3, 0.4651845, 0.05755374
731.35, 0.4661325, 0.05724046
731.4, 0.4672385, 0.0573971
731.45, 0.4681864, 0.05818029
731.5, 0.4691344, 0.05755374
731.55, 0.4700824, 0.05943341
731.6, 0.4713463, 0.0573971
731.65, 0.4722943, 0.05692719
731.7, 0.4732423, 0.05520415
731.75, 0.4741903, 0.05786702
731.8, 0.4749802, 0.05786702
731.85, 0.4762442, 0.05614398
731.9, 0.4770342, 0.05708382
731.95, 0.4781401, 0.05849357
732, 0.4792461, 0.05802366
732.05, 0.4801941, 0.05880686
732.1, 0.4811421, 0.05598735
732.15, 0.4822481, 0.05755374
732.2, 0.483038, 0.05865022
732.25, 0.483986, 0.06021661
732.3, 0.485092, 0.06021661
732.35, 0.4860399, 0.06084317
732.4, 0.4869879, 0.05943341
732.45, 0.4880939, 0.05818029
732.5, 0.4890419, 0.05818029
732.55, 0.4896739, 0.05786702
732.6, 0.4909378, 0.05849357
732.65, 0.4920438, 0.05802366
732.7, 0.4929918, 0.05865022
732.75, 0.4940977, 0.05927677
732.8, 0.4952037, 0.05818029
732.85, 0.4959937, 0.06005996
732.9, 0.4970996, 0.05927677
732.95, 0.4982056, 0.0589635
733, 0.4991536, 0.05849357
733.05, 0.5001016, 0.05755374
733.1, 0.5010495, 0.05912013
733.15, 0.5019975, 0.05880686
733.2, 0.5029455, 0.05802366
733.25, 0.5040514, 0.05990333
733.3, 0.5049994, 0.05912013
733.35, 0.5059474, 0.05818029
733.4, 0.5068954, 0.05818029
733.45, 0.5080013, 0.05833694
733.5, 0.5089493, 0.05833694
733.55, 0.5098973, 0.05818029
733.6, 0.5110033, 0.05880686
733.65, 0.5121092, 0.05990333
733.7, 0.5130572, 0.05755374
733.75, 0.5141632, 0.05849357
733.8, 0.5155851, 0.05943341
733.85, 0.5170071, 0.05974669
733.9, 0.5182711, 0.0589635
733.95, 0.519219, 0.05849357
734, 0.520167, 0.05880686
734.05, 0.521273, 0.05943341
734.1, 0.522221, 0.05912013
734.15, 0.5230109, 0.05943341
734.2, 0.5239589, 0.05990333
734.25, 0.5252228, 0.06037325
734.3, 0.5261708, 0.0589635
734.35, 0.5269608, 0.05974669
734.4, 0.5280668, 0.06084317
734.45, 0.5290148, 0.06319275
734.5, 0.5301207, 0.06162636
734.55, 0.5310687, 0.06146972
734.6, 0.5321747, 0.05865022
734.65, 0.5331227, 0.05943341
734.7, 0.5340707, 0.05880686
734.75, 0.5350186, 0.05959005
734.8, 0.5359666, 0.05927677
734.85, 0.5370725, 0.05974669
734.9, 0.5380206, 0.05849357
734.95, 0.5389685, 0.05959005
735, 0.5399165, 0.05912013
735.05, 0.5410224, 0.05943341
735.1, 0.5419704, 0.06052989
735.15, 0.5432344, 0.06052989
735.2, 0.5441824, 0.06005996
735.25, 0.5451304, 0.06052989
735.3, 0.5460783, 0.06068652
735.35, 0.5471843, 0.06021661
735.4, 0.5481322, 0.06193964
735.45, 0.5490802, 0.06146972
735.5, 0.5501862, 0.06209628
735.55, 0.5511342, 0.06209628
735.6, 0.5520822, 0.06225292
735.65, 0.5530301, 0.06209628
735.7, 0.5539781, 0.06209628
735.75, 0.555084, 0.06240956
735.8, 0.5561901, 0.061783
735.85, 0.557296, 0.06240956
735.9, 0.558086, 0.061783
735.95, 0.559034, 0.06084317
736, 0.5599819, 0.06193964
736.05, 0.5610879, 0.06319275
736.1, 0.5621939, 0.06272284
736.15, 0.5629839, 0.06131308
736.2, 0.5640898, 0.0653857
736.25, 0.5650378, 0.06209628
736.3, 0.5659857, 0.06350603
736.35, 0.5670917, 0.06303611
736.4, 0.5680397, 0.06507242
736.45, 0.5691457, 0.06428923
736.5, 0.5700937, 0.06272284
736.55, 0.5708836, 0.06444587
736.6, 0.5719896, 0.06569898
736.65, 0.5729376, 0.06397595
736.7, 0.5740436, 0.0661689
736.75, 0.5749915, 0.06648218
736.8, 0.5762555, 0.06381931
736.85, 0.5772035, 0.06319275
736.9, 0.5779935, 0.06475915
736.95, 0.5789415, 0.06428923
737, 0.5802054, 0.06444587
737.05, 0.5809954, 0.06381931
737.1, 0.5819433, 0.06397595
737.15, 0.5830493, 0.06507242
737.2, 0.5839972, 0.06632554
737.25, 0.5852613, 0.06601226
737.3, 0.5862092, 0.06710874
737.35, 0.5871572, 0.06569898
737.4, 0.5881051, 0.06507242
737.45, 0.5892111, 0.06601226
737.5, 0.5901591, 0.06945832
737.55, 0.5911071, 0.06804857
737.6, 0.5922131, 0.06695209
737.65, 0.593003, 0.0653857
737.7, 0.594109, 0.06710874
737.75, 0.595057, 0.06789193
737.8, 0.596005, 0.06648218
737.85, 0.596953, 0.06632554
737.9, 0.5979009, 0.06679546
737.95, 0.5990069, 0.06773529
738, 0.5999548, 0.06914505
738.05, 0.6009029, 0.06867513
738.1, 0.6020088, 0.06804857
738.15, 0.6029568, 0.06679546
738.2, 0.6039047, 0.06836185
738.25, 0.6048527, 0.06710874
738.3, 0.6059586, 0.06789193
738.35, 0.6069067, 0.06804857
738.4, 0.6078547, 0.0653857
738.45, 0.6088026, 0.0653857
738.5, 0.6099086, 0.06444587
738.55, 0.6108565, 0.06413259
738.6, 0.6119625, 0.06507242
738.65, 0.6129105, 0.06475915
738.7, 0.6138585, 0.06507242
738.75, 0.6149644, 0.06648218
738.8, 0.6159124, 0.06820521
738.85, 0.6171764, 0.07086808
738.9, 0.6179664, 0.06883177
738.95, 0.6190724, 0.06992824
739, 0.6201783, 0.07039816
739.05, 0.6209683, 0.06945832
739.1, 0.6222323, 0.07086808
739.15, 0.6230222, 0.07102472
739.2, 0.6239702, 0.07039816
739.25, 0.6250762, 0.07008488
739.3, 0.6260241, 0.07024152
739.35, 0.6269721, 0.06992824
739.4, 0.6279201, 0.0721212
739.45, 0.6290261, 0.071338
739.5, 0.6299741, 0.071338
739.55, 0.630922, 0.0721212
739.6, 0.63187, 0.07274775
739.65, 0.6329759, 0.07321767
739.7, 0.6339239, 0.07274775
739.75, 0.634872, 0.0721212
739.8, 0.6359779, 0.07321767
739.85, 0.6370838, 0.0741575
739.9, 0.6380318, 0.0721212
739.95, 0.6389798, 0.07243447
740, 0.6399277, 0.07274775
740.05, 0.6408758, 0.07478406
740.1, 0.6419817, 0.07400087
740.15, 0.6429297, 0.07572389
740.2, 0.6440356, 0.07447078
740.25, 0.6449836, 0.07306103
740.3, 0.6459317, 0.07400087
740.35, 0.6468796, 0.07478406
740.4, 0.6478276, 0.07337431
740.45, 0.6486175, 0.07556726
740.5, 0.6495655, 0.07666373
740.55, 0.6505135, 0.07635045
740.6, 0.6514615, 0.07682038
740.65, 0.6525674, 0.07588054
740.7, 0.6535154, 0.07541062
740.75, 0.6546214, 0.0749407
740.8, 0.6555693, 0.07556726
740.85, 0.6568333, 0.07509734
740.9, 0.6576233, 0.07525398
740.95, 0.6588873, 0.07603717
741, 0.6596772, 0.07556726
741.05, 0.6607832, 0.07650709
741.1, 0.6617312, 0.07588054
741.15, 0.6628371, 0.07619382
741.2, 0.6636271, 0.07666373
741.25, 0.6647331, 0.07916996
741.3, 0.6658391, 0.08073635
741.35, 0.666629, 0.07838677
741.4, 0.667577, 0.07838677
741.45, 0.668525, 0.07666373
741.5, 0.669473, 0.07635045
741.55, 0.670579, 0.07525398
741.6, 0.6715269, 0.07729029
741.65, 0.6724749, 0.07838677
741.7, 0.6735808, 0.07603717
741.75, 0.6745288, 0.07760356
741.8, 0.6756348, 0.07823012
741.85, 0.6765828, 0.07901332
741.9, 0.6775308, 0.08042307
741.95, 0.6786367, 0.08183283
742, 0.6795847, 0.08386914
742.05, 0.6805327, 0.08527889
742.1, 0.6816387, 0.08480898
742.15, 0.6825866, 0.08606208
742.2, 0.6836926, 0.08606208
742.25, 0.6846405, 0.08449569
742.3, 0.6855885, 0.08496562
742.35, 0.6866945, 0.08512225
742.4, 0.6876425, 0.08433905
742.45, 0.6885904, 0.08574881
742.5, 0.6895384, 0.08433905
742.55, 0.6906444, 0.08574881
742.6, 0.6915924, 0.08590545
742.65, 0.6925403, 0.086532
742.7, 0.6934883, 0.08496562
742.75, 0.6945943, 0.08590545
742.8, 0.6953843, 0.086532
742.85, 0.6964902, 0.08590545
742.9, 0.6975962, 0.08590545
742.95, 0.6985442, 0.08480898
743, 0.6994922, 0.08527889
743.05, 0.7005981, 0.08637536
743.1, 0.7015461, 0.08590545
743.15, 0.7024941, 0.08825504
743.2, 0.7036, 0.08856832
743.25, 0.70439, 0.08762848
743.3, 0.705496, 0.08794177
743.35, 0.706444, 0.08872496
743.4, 0.7073919, 0.08621872
743.45, 0.7084979, 0.09013471
743.5, 0.7094459, 0.08919487
743.55, 0.7105519, 0.08919487
743.6, 0.7114998, 0.09013471
743.65, 0.7124478, 0.09029134
743.7, 0.7135538, 0.08825504
743.75, 0.7145017, 0.09154446
743.8, 0.7152917, 0.09060463
743.85, 0.7162397, 0.09044799
743.9, 0.7175037, 0.08950816
743.95, 0.7184516, 0.09013471
744, 0.7195576, 0.08935151
744.05, 0.7205056, 0.09013471
744.1, 0.7214535, 0.08919487
744.15, 0.7225595, 0.08997807
744.2, 0.7235075, 0.09029134
744.25, 0.7244554, 0.09154446
744.3, 0.7255614, 0.09154446
744.35, 0.7265094, 0.09138783
744.4, 0.7272994, 0.09091791
744.45, 0.7285634, 0.09264094
744.5, 0.7295113, 0.0924843
744.55, 0.7306173, 0.09373742
744.6, 0.7315653, 0.09138783
744.65, 0.7325132, 0.09154446
744.7, 0.7334612, 0.09217101
744.75, 0.7344092, 0.09279758
744.8, 0.7355151, 0.09405069
744.85, 0.7366211, 0.09311084
744.9, 0.7375691, 0.09342413
744.95, 0.7385171, 0.09358077
745, 0.7394651, 0.09452061
745.05, 0.740413, 0.09342413
745.1, 0.741361, 0.09546044
745.15, 0.742309, 0.09483389
745.2, 0.7434149, 0.09577372
745.25, 0.7445209, 0.09514717
745.3, 0.7454689, 0.09546044
745.35, 0.7462589, 0.09546044
745.4, 0.7472069, 0.09514717
745.45, 0.7481548, 0.09561708
745.5, 0.7491028, 0.09546044
745.55, 0.7500508, 0.09796667
745.6, 0.7511567, 0.09937642
745.65, 0.7521047, 0.09906314
745.7, 0.7532107, 0.09843659
745.75, 0.7541587, 0.09718347
745.8, 0.7551066, 0.09671356
745.85, 0.7562126, 0.09796667
745.9, 0.7571605, 0.09781004
745.95, 0.7582666, 0.09796667
746, 0.7592145, 0.100003
746.05, 0.7601625, 0.09655692
746.1, 0.7612684, 0.09702684
746.15, 0.7622164, 0.1001596
746.2, 0.7631644, 0.09953307
746.25, 0.7642704, 0.09890651
746.3, 0.7652184, 0.09874986
746.35, 0.7661663, 0.09906314
746.4, 0.7671143, 0.09953307
746.45, 0.7680623, 0.09937642
746.5, 0.7691682, 0.1004729
746.55, 0.7702742, 0.100003
746.6, 0.7712222, 0.09984634
746.65, 0.7720122, 0.1001596
746.7, 0.7731181, 0.1010995
746.75, 0.7742241, 0.1018827
746.8, 0.7751721, 0.1025092
746.85, 0.7762781, 0.1025092
746.9, 0.777384, 0.1023526
746.95, 0.778332, 0.1001596
747, 0.7792799, 0.09953307
747.05, 0.7802279, 0.1003163
747.1, 0.781176, 0.1020393
747.15, 0.7822819, 0.1018827
747.2, 0.7832299, 0.1036057
747.25, 0.7841778, 0.1007862
747.3, 0.7851258, 0.1031358
747.35, 0.7860737, 0.1021959
747.4, 0.7870218, 0.1023526
747.45, 0.7878118, 0.103449
747.5, 0.7887597, 0.1047022
747.55, 0.7898657, 0.1054853
747.6, 0.7908136, 0.1053287
747.65, 0.7917617, 0.1057986
747.7, 0.7928676, 0.1057986
747.75, 0.7939736, 0.1067385
747.8, 0.7949216, 0.1064252
747.85, 0.7958695, 0.1079916
747.9, 0.7971334, 0.1092447
747.95, 0.7979235, 0.1061119
748, 0.7990295, 0.1087748
748.05, 0.7999774, 0.1068951
748.1, 0.8009254, 0.1084615
748.15, 0.8020313, 0.1090881
748.2, 0.8031374, 0.1097146
748.25, 0.8040853, 0.1094013
748.3, 0.8050333, 0.1094013
748.35, 0.8061392, 0.1101845
748.4, 0.8069292, 0.1106544
748.45, 0.8078772, 0.1103412
748.5, 0.8088252, 0.1103412
748.55, 0.8099312, 0.1115943
748.6, 0.8108791, 0.1098713
748.65, 0.8119851, 0.1100279
748.7, 0.812933, 0.1111244
748.75, 0.813881, 0.1128474
748.8, 0.8148291, 0.1119076
748.85, 0.815935, 0.1139439
748.9, 0.816883, 0.1114376
748.95, 0.8178309, 0.1128474
749, 0.8189369, 0.1145704
749.05, 0.8198849, 0.1139439
749.1, 0.8209909, 0.1139439
749.15, 0.8219388, 0.1155103
749.2, 0.8228868, 0.1166067
749.25, 0.8239927, 0.1136306
749.3, 0.8249407, 0.1145704
749.35, 0.8258888, 0.1156669
749.4, 0.8268367, 0.1145704
749.45, 0.8277847, 0.1156669
749.5, 0.8288906, 0.1175466
749.55, 0.8301546, 0.1178599
749.6, 0.8315766, 0.1202094
749.65, 0.8329985, 0.1205227
749.7, 0.8341045, 0.1195829
749.75, 0.8352104, 0.1202094
749.8, 0.8363164, 0.1186431
749.85, 0.8372644, 0.1205227
749.9, 0.8383704, 0.120836
749.95, 0.8394763, 0.1213059
750, 0.8402663, 0.120836
750.05, 0.8413723, 0.123029
750.1, 0.8423203, 0.1213059
750.15, 0.8432683, 0.122559
750.2, 0.8442162, 0.1209926
750.25, 0.8453222, 0.1222458
750.3, 0.8462701, 0.1222458
750.35, 0.8472181, 0.1242821
750.4, 0.8481661, 0.1245953
750.45, 0.8491141, 0.1244387
750.5, 0.8502201, 0.124752
750.55, 0.851326, 0.1233422
750.6, 0.852274, 0.124752
750.65, 0.853222, 0.1261617
750.7, 0.85417, 0.1245953
750.75, 0.8551179, 0.1258485
750.8, 0.8563819, 0.1274149
750.85, 0.8571718, 0.124752
750.9, 0.8582778, 0.1260051
750.95, 0.8593838, 0.1271016
751, 0.8604898, 0.1266317
751.05, 0.8614377, 0.1255352
751.1, 0.8622277, 0.1255352
751.15, 0.8633337, 0.1266317
751.2, 0.8642817, 0.1292945
751.25, 0.8652297, 0.1300777
751.3, 0.8663356, 0.1271016
751.35, 0.8672836, 0.1278848
751.4, 0.8682315, 0.1291379
751.45, 0.8694955, 0.1302344
751.5, 0.8704435, 0.1289812
751.55, 0.8713915, 0.1285113
751.6, 0.8721815, 0.1272582
751.65, 0.8731294, 0.1281981
751.7, 0.8740774, 0.1274149
751.75, 0.8751833, 0.1280414
751.8, 0.8761314, 0.1289812
751.85, 0.8770794, 0.1297645
751.9, 0.8781853, 0.1275715
751.95, 0.8791333, 0.1278848
752, 0.8802392, 0.1308609
752.05, 0.8811872, 0.1291379
752.1, 0.8822932, 0.1291379
752.15, 0.8830832, 0.1272582
752.2, 0.8841891, 0.1285113
752.25, 0.8851371, 0.1305476
752.3, 0.8859271, 0.1292945
752.35, 0.887191, 0.1314875
752.4, 0.8881391, 0.1305476
752.45, 0.889245, 0.1291379
752.5, 0.890035, 0.1278848
752.55, 0.8909829, 0.1299211
752.6, 0.8920889, 0.1292945
752.65, 0.8930369, 0.1305476
752.7, 0.8939849, 0.1302344
752.75, 0.8950908, 0.1302344
752.8, 0.8958808, 0.1294512
752.85, 0.8969868, 0.1296078
752.9, 0.8979347, 0.130391
752.95, 0.8988827, 0.132114
753, 0.8999887, 0.1311742
753.05, 0.9010947, 0.1310176
753.1, 0.9022006, 0.132114
753.15, 0.9031486, 0.1285113
753.2, 0.9039387, 0.1300777
753.25, 0.9052026, 0.1328972
753.3, 0.9061505, 0.1314875
753.35, 0.9070985, 0.1302344
753.4, 0.9082044, 0.1324273
753.45, 0.9091524, 0.1327406
753.5, 0.9101005, 0.1322707
753.55, 0.9110484, 0.1300777
753.6, 0.9119964, 0.130391
753.65, 0.9131023, 0.132114
753.7, 0.9140503, 0.1327406
753.75, 0.9151562, 0.132114
753.8, 0.9161043, 0.1308609
753.85, 0.9172102, 0.1319574
753.9, 0.9181582, 0.1314875
753.95, 0.9191062, 0.1307043
754, 0.9200541, 0.1325839
754.05, 0.9211602, 0.1322707
754.1, 0.9221081, 0.1313308
754.15, 0.9232141, 0.1324273
754.2, 0.924162, 0.1310176
754.25, 0.925426, 0.132114
754.3, 0.9262159, 0.1319574
754.35, 0.927322, 0.1324273
754.4, 0.9282699, 0.132114
754.45, 0.9292179, 0.1308609
754.5, 0.9301659, 0.1338371
754.55, 0.9311138, 0.1307043
754.6, 0.9319038, 0.132114
754.65, 0.9328519, 0.134307
754.7, 0.9341158, 0.1350902
754.75, 0.9349058, 0.1332105
754.8, 0.9360117, 0.1328972
754.85, 0.9369597, 0.1332105
754.9, 0.9379077, 0.1328972
754.95, 0.9390137, 0.1325839
755, 0.9401196, 0.1327406
755.05, 0.9410676, 0.1324273
755.1, 0.9421735, 0.1347769
755.15, 0.9431215, 0.1325839
755.2, 0.9440695, 0.1332105
755.25, 0.9450175, 0.1324273
755.3, 0.9461234, 0.1364999
755.35, 0.9470714, 0.1327406
755.4, 0.9478614, 0.1335238
755.45, 0.9491254, 0.1336804
755.5, 0.9500734, 0.1338371
755.55, 0.9508633, 0.1352468
755.6, 0.9518113, 0.1347769
755.65, 0.9529173, 0.1350902
755.7, 0.9538652, 0.1341504
755.75, 0.9548132, 0.1352468
755.8, 0.9559192, 0.1364999
755.85, 0.9568672, 0.1347769
755.9, 0.9579731, 0.1355601
755.95, 0.9590791, 0.1355601
756, 0.960027, 0.1364999
756.05, 0.9611331, 0.1355601
756.1, 0.962081, 0.1371265
756.15, 0.963187, 0.13603
756.2, 0.963977, 0.1355601
756.25, 0.9650829, 0.1368132
756.3, 0.966031, 0.137753
756.35, 0.9669789, 0.1368132
756.4, 0.9679269, 0.1385362
756.45, 0.9688748, 0.1380663
756.5, 0.9699808, 0.1386929
756.55, 0.9709287, 0.1397894
756.6, 0.9718768, 0.1405726
756.65, 0.9728248, 0.1394761
756.7, 0.9737727, 0.141669
756.75, 0.9748787, 0.1418257
756.8, 0.9758266, 0.143862
756.85, 0.9769326, 0.1440186
756.9, 0.9778806, 0.1441753
756.95, 0.9789866, 0.1458983
757, 0.9800925, 0.1457417
757.05, 0.9810405, 0.1466815
757.1, 0.9821464, 0.147778
757.15, 0.9830945, 0.1457417
757.2, 0.9838845, 0.1471514
757.25, 0.9851484, 0.1482479
757.3, 0.9860964, 0.1484045
757.35, 0.9870443, 0.1460549
757.4, 0.9879923, 0.1480912
757.45, 0.9890983, 0.1487178
757.5, 0.9898883, 0.1498143
757.55, 0.9909942, 0.1487178
757.6, 0.9917842, 0.1488744
757.65, 0.9927322, 0.1490311
757.7, 0.9936801, 0.1505975
757.75, 0.9947861, 0.1501276
757.8, 0.9957341, 0.1510674
757.85, 0.9968401, 0.1520072
757.9, 0.997788, 0.1520072
757.95, 0.998894, 0.1518506
758, 0.999842, 0.1527904
758.05, 1.00079, 0.1510674
758.1, 1.001738, 0.1516939
758.15, 1.002844, 0.1537303
758.2, 1.003792, 0.1532603
758.25, 1.004582, 0.1532603
758.3, 1.00553, 0.1537303
758.35, 1.006636, 0.1532603
758.4, 1.007742, 0.1537303
758.45, 1.00869, 0.1532603
758.5, 1.009796, 0.1532603
758.55, 1.010744, 0.153417
758.6, 1.011692, 0.1538869
758.65, 1.012482, 0.1543568
758.7, 1.013746, 0.1554533
758.75, 1.014536, 0.1540435
758.8, 1.015641, 0.1540435
758.85, 1.016747, 0.1543568
758.9, 1.017537, 0.1538869
758.95, 1.018801, 0.1545134
759, 1.019749, 0.1559232
759.05, 1.020697, 0.1557666
759.1, 1.021803, 0.1537303
759.15, 1.022751, 0.1532603
759.2, 1.023857, 0.1548267
759.25, 1.024647, 0.1537303
759.3, 1.025753, 0.1552967
759.35, 1.026859, 0.1557666
759.4, 1.027807, 0.1546701
759.45, 1.028755, 0.1559232
759.5, 1.029703, 0.1540435
759.55, 1.030651, 0.1535736
759.6, 1.031599, 0.1560798
759.65, 1.032547, 0.1570197
759.7, 1.033811, 0.1563931
759.75, 1.034601, 0.1548267
759.8, 1.035549, 0.1546701
759.85, 1.036497, 0.1546701
759.9, 1.037445, 0.1579595
759.95, 1.038551, 0.1579595
760, 1.039499, 0.1592126
760.05, 1.040605, 0.156863
760.1, 1.041711, 0.1549834
760.15, 1.042659, 0.1549834
760.2, 1.043607, 0.1546701
760.25, 1.044713, 0.1563931
760.3, 1.045503, 0.1538869
760.35, 1.046609, 0.1565498
760.4, 1.047715, 0.1552967
760.45, 1.048663, 0.1556099
760.5, 1.049611, 0.1562365
760.55, 1.050559, 0.1556099
760.6, 1.051349, 0.1549834
760.65, 1.052454, 0.1562365
760.7, 1.053403, 0.1556099
760.75, 1.05435, 0.1565498
760.8, 1.055456, 0.156863
760.85, 1.056404, 0.1565498
760.9, 1.05751, 0.1570197
760.95, 1.058458, 0.1565498
761, 1.059406, 0.1562365
761.05, 1.060512, 0.1574896
761.1, 1.06146, 0.1576462
761.15, 1.062566, 0.1573329
761.2, 1.063514, 0.1579595
761.25, 1.064462, 0.1587427
761.3, 1.06541, 0.1588994
761.35, 1.066516, 0.1584294
761.4, 1.067464, 0.1588994
761.45, 1.06857, 0.1578029
761.5, 1.069518, 0.1595259
761.55, 1.070466, 0.1579595
761.6, 1.071414, 0.1576462
761.65, 1.07252, 0.1599958
761.7, 1.073468, 0.1585861
761.75, 1.074574, 0.1592126
761.8, 1.075522, 0.1599958
761.85, 1.07647, 0.1587427
761.9, 1.077418, 0.1576462
761.95, 1.078366, 0.159056
762, 1.079472, 0.1588994
762.05, 1.08042, 0.1587427
762.1, 1.081526, 0.1585861
762.15, 1.082474, 0.1595259
762.2, 1.08358, 0.1592126
762.25, 1.084528, 0.1599958
762.3, 1.085476, 0.1595259
762.35, 1.086424, 0.1584294
762.4, 1.087372, 0.1598392
762.45, 1.088477, 0.1601525
762.5, 1.089425, 0.1593693
762.55, 1.090373, 0.1592126
762.6, 1.091479, 0.1601525
762.65, 1.092427, 0.1603091
762.7, 1.093375, 0.1609357
762.75, 1.094323, 0.1595259
762.8, 1.095429, 0.1614056
762.85, 1.096535, 0.162502
762.9, 1.097325, 0.1601525
762.95, 1.098431, 0.1604657
763, 1.099379, 0.1615622
763.05, 1.100169, 0.1606224
763.1, 1.101275, 0.1621888
763.15, 1.102223, 0.1603091
763.2, 1.103171, 0.1621888
763.25, 1.104119, 0.1614056
763.3, 1.105067, 0.1615622
763.35, 1.106173, 0.1615622
763.4, 1.107279, 0.1628153
763.45, 1.108385, 0.162502
763.5, 1.109333, 0.1621888
763.55, 1.110281, 0.1615622
763.6, 1.111229, 0.1632853
763.65, 1.112177, 0.1623454
763.7, 1.113125, 0.1626587
763.75, 1.114231, 0.1634419
763.8, 1.115179, 0.1651649
763.85, 1.116443, 0.1670446
763.9, 1.117391, 0.1657915
763.95, 1.118497, 0.1642251
764, 1.119445, 0.1632853
764.05, 1.120393, 0.1642251
764.1, 1.121341, 0.1643817
764.15, 1.122447, 0.1642251
764.2, 1.123395, 0.1651649
764.25, 1.124343, 0.1650083
764.3, 1.125291, 0.1648516
764.35, 1.126397, 0.166418
764.4, 1.127186, 0.1654782
764.45, 1.128292, 0.1665747
764.5, 1.129398, 0.1661048
764.55, 1.130188, 0.1657915
764.6, 1.131136, 0.166888
764.65, 1.132084, 0.1654782
764.7, 1.133032, 0.1659481
764.75, 1.134138, 0.1681411
764.8, 1.135086, 0.1681411
764.85, 1.136034, 0.166888
764.9, 1.13714, 0.1681411
764.95, 1.13793, 0.1657915
765, 1.139036, 0.1678278
765.05, 1.139984, 0.1678278
765.1, 1.140932, 0.1684543
765.15, 1.142038, 0.1678278
765.2, 1.143144, 0.1692375
765.25, 1.144092, 0.1698641
765.3, 1.14504, 0.170334
765.35, 1.145988, 0.1704907
765.4, 1.147094, 0.1687676
765.45, 1.148358, 0.1690809
765.5, 1.14978, 0.1697075
765.55, 1.151044, 0.1687676
765.6, 1.15215, 0.1700207
765.65, 1.153256, 0.1701774
765.7, 1.154204, 0.1701774
765.75, 1.155152, 0.1704907
765.8, 1.1561, 0.1698641
765.85, 1.157048, 0.1701774
765.9, 1.158154, 0.1711172
765.95, 1.159102, 0.1706473
766, 1.160208, 0.170334
766.05, 1.161156, 0.1715871
766.1, 1.162104, 0.1706473
766.15, 1.163051, 0.1728403
766.2, 1.164157, 0.1722137
766.25, 1.165105, 0.1719004
766.3, 1.166211, 0.172057
766.35, 1.167159, 0.1736234
766.4, 1.168107, 0.1740934
766.45, 1.169055, 0.1728403
766.5, 1.170003, 0.1728403
766.55, 1.170951, 0.1733102
766.6, 1.172057, 0.1744066
766.65, 1.173005, 0.1747199
766.7, 1.174111, 0.1740934
766.75, 1.175059, 0.1734668
766.8, 1.176007, 0.1750332
766.85, 1.176955, 0.1740934
766.9, 1.177903, 0.1744066
766.95, 1.179009, 0.1761297
767, 1.179957, 0.1756597
767.05, 1.180905, 0.176443
767.1, 1.181853, 0.1744066
767.15, 1.182959, 0.1784793
767.2, 1.184065, 0.178166
767.25, 1.185013, 0.1797324
767.3, 1.186119, 0.1773828
767.35, 1.187067, 0.1773828
767.4, 1.188015, 0.176443
767.45, 1.189121, 0.1773828
767.5, 1.190069, 0.1784793
767.55, 1.191175, 0.178166
767.6, 1.192281, 0.1784793
767.65, 1.193229, 0.1787925
767.7, 1.194177, 0.176443
767.75, 1.195125, 0.1787925
767.8, 1.196073, 0.1786359
767.85, 1.197021, 0.1791058
767.9, 1.197968, 0.1787925
767.95, 1.199075, 0.1794191
768, 1.200022, 0.1792625
768.05, 1.200022, 0.1715871
768.1, 1.198758, 0.1662614
768.15, 1.197811, 0.1643817
768.2, 1.196863, 0.1601525
768.25, 1.195757, 0.1579595
768.3, 1.194967, 0.1548267
768.35, 1.194019, 0.1543568
768.4, 1.193071, 0.1520072
768.45, 1.191965, 0.1498143
768.5, 1.191017, 0.1491877
768.55, 1.190069, 0.1474647
768.6, 1.188805, 0.1429221
768.65, 1.188015, 0.1437053
768.7, 1.187067, 0.1422956
768.75, 1.186119, 0.1410425
768.8, 1.185171, 0.1390062
768.85, 1.184065, 0.1385362
768.9, 1.182959, 0.1364999
768.95, 1.182011, 0.1358734
769, 1.180905, 0.1344636
769.05, 1.179957, 0.1336804
769.1, 1.179009, 0.1325839
769.15, 1.178061, 0.1324273
769.2, 1.177113, 0.1302344
769.25, 1.176165, 0.1305476
769.3, 1.175217, 0.1280414
769.35, 1.174269, 0.1285113
769.4, 1.173321, 0.1278848
769.45, 1.172373, 0.1263184
769.5, 1.171109, 0.124752
769.55, 1.170161, 0.1241254
769.6, 1.169213, 0.1238122
769.65, 1.168265, 0.1231856
769.7, 1.167159, 0.1217758
769.75, 1.166211, 0.1219325
769.8, 1.165105, 0.1213059
769.85, 1.164157, 0.120836
769.9, 1.163051, 0.1195829
769.95, 1.162104, 0.1187997
770, 1.161156, 0.1178599
770.05, 1.160208, 0.1189563
770.1, 1.159102, 0.1175466
770.15, 1.158154, 0.11692
770.2, 1.157048, 0.1186431
770.25, 1.1561, 0.1162935
770.3, 1.155152, 0.1145704
770.35, 1.154046, 0.1158236
770.4, 1.153098, 0.1153536
770.45, 1.15215, 0.1153536
770.5, 1.151044, 0.1142572
770.55, 1.149622, 0.1139439
770.6, 1.148358, 0.1133173
770.65, 1.147094, 0.1142572
770.7, 1.146146, 0.1142572
770.75, 1.14504, 0.1136306
770.8, 1.143934, 0.1126908
770.85, 1.142828, 0.1117509
770.9, 1.14188, 0.111281
770.95, 1.140774, 0.1101845
771, 1.139826, 0.1101845
771.05, 1.139036, 0.1083049
771.1, 1.13793, 0.1090881
771.15, 1.136824, 0.1090881
771.2, 1.136034, 0.1081482
771.25, 1.134928, 0.1084615
771.3, 1.133822, 0.1079916
771.35, 1.132874, 0.1087748
771.4, 1.131768, 0.1087748
771.45, 1.13082, 0.1067385
771.5, 1.129872, 0.105642
771.55, 1.129082, 0.107365
771.6, 1.127977, 0.1076783
771.65, 1.127028, 0.1062686
771.7, 1.126081, 0.1048588
771.75, 1.124974, 0.1059553
771.8, 1.124027, 0.1053287
771.85, 1.123079, 0.107365
771.9, 1.122131, 0.1054853
771.95, 1.121025, 0.1053287
772, 1.120077, 0.1048588
772.05, 1.118971, 0.1025092
772.1, 1.118023, 0.1053287
772.15, 1.116917, 0.1047022
772.2, 1.115969, 0.1036057
772.25, 1.114863, 0.1028225
772.3, 1.113915, 0.1037623
772.35, 1.112809, 0.1020393
772.4, 1.111861, 0.1031358
772.45, 1.110913, 0.1031358
772.5, 1.109965, 0.1018827
772.55, 1.109175, 0.1015694
772.6, 1.108069, 0.1012561
772.65, 1.107121, 0.1001596
772.7, 1.106015, 0.1018827
772.75, 1.105067, 0.1007862
772.8, 1.104119, 0.1014127
772.85, 1.103171, 0.1010995
772.9, 1.102223, 0.1001596
772.95, 1.101117, 0.1007862
773, 1.100169, 0.09984634
773.05, 1.099221, 0.100003
773.1, 1.098115, 0.1001596
773.15, 1.097167, 0.09953307
773.2, 1.096061, 0.09890651
773.25, 1.094955, 0.09874986
773.3, 1.093849, 0.09843659
773.35, 1.093059, 0.09749676
773.4, 1.092111, 0.09937642
773.45, 1.091163, 0.09781004
773.5, 1.090373, 0.09812331
773.55, 1.089425, 0.09812331
773.6, 1.088477, 0.09937642
773.65, 1.087372, 0.09749676
773.7, 1.086266, 0.09577372
773.75, 1.08516, 0.09718347
773.8, 1.08437, 0.09984634
773.85, 1.083422, 0.09546044
773.9, 1.082316, 0.09655692
773.95, 1.081368, 0.09608699
774, 1.080578, 0.09546044
774.05, 1.079472, 0.09358077
774.1, 1.078524, 0.09593036
774.15, 1.077418, 0.09420733
774.2, 1.07647, 0.09373742
774.25, 1.075364, 0.09342413
774.3, 1.074416, 0.09499053
774.35, 1.07331, 0.09436397
774.4, 1.072362, 0.09452061
774.45, 1.071414, 0.09483389
774.5, 1.070466, 0.09420733
774.55, 1.06936, 0.09154446
774.6, 1.068412, 0.09154446
774.65, 1.067464, 0.08950816
774.7, 1.0662, 0.09185775
774.75, 1.065252, 0.09311084
774.8, 1.064462, 0.09342413
774.85, 1.063514, 0.09342413
774.9, 1.062408, 0.09311084
774.95, 1.06146, 0.09170111
775, 1.060512, 0.09060463
775.05, 1.059406, 0.09138783
775.1, 1.0583, 0.09217101
775.15, 1.057194, 0.09232766
775.2, 1.056404, 0.09358077
775.25, 1.055456, 0.0924843
775.3, 1.054508, 0.0924843
775.35, 1.053403, 0.09154446
775.4, 1.052454, 0.08982144
775.45, 1.051349, 0.09029134
775.5, 1.0504, 0.08950816
775.55, 1.049453, 0.08919487
775.6, 1.048505, 0.08950816
775.65, 1.047399, 0.0873152
775.7, 1.046451, 0.08982144
775.75, 1.045503, 0.08950816
775.8, 1.044555, 0.08966479
775.85, 1.043449, 0.08794177
775.9, 1.042501, 0.08778512
775.95, 1.041395, 0.08621872
776, 1.040447, 0.08856832
776.05, 1.039499, 0.08809839
776.1, 1.038393, 0.08794177
776.15, 1.037287, 0.08778512
776.2, 1.036339, 0.08762848
776.25, 1.035233, 0.08809839
776.3, 1.034285, 0.086532
776.35, 1.033179, 0.08606208
776.4, 1.032389, 0.08559217
776.45, 1.031441, 0.086532
776.5, 1.030335, 0.08700192
776.55, 1.029387, 0.08480898
776.6, 1.028439, 0.08559217
776.65, 1.027491, 0.08512225
776.7, 1.026385, 0.08668865
776.75, 1.025437, 0.08433905
776.8, 1.024489, 0.08590545
776.85, 1.023383, 0.08621872
776.9, 1.022435, 0.08386914
776.95, 1.021487, 0.08449569
777, 1.020381, 0.08292931
777.05, 1.019275, 0.08261602
777.1, 1.018327, 0.08292931
777.15, 1.017221, 0.0837125
777.2, 1.016432, 0.08402578
777.25, 1.015483, 0.08433905
777.3, 1.014378, 0.08324257
777.35, 1.01343, 0.08386914
777.4, 1.012324, 0.08261602
777.45, 1.011534, 0.08292931
777.5, 1.010428, 0.08324257
777.55, 1.00948, 0.08183283
777.6, 1.008532, 0.08167619
777.65, 1.007584, 0.08183283
777.7, 1.006478, 0.08120627
777.75, 1.00553, 0.08183283
777.8, 1.004582, 0.0801098
777.85, 1.003634, 0.0813629
777.9, 1.002686, 0.08104963
777.95, 1.001738, 0.08026644
778, 1.000474, 0.07979652
778.05, 0.999526, 0.07995315
778.1, 0.99842, 0.08026644
778.15, 0.997472, 0.08057971
778.2, 0.9965241, 0.08230274
778.25, 0.9957341, 0.0793266
778.3, 0.9946281, 0.07870004
778.35, 0.9935221, 0.0793266
778.4, 0.9925742, 0.07791685
778.45, 0.9917842, 0.07885668
778.5, 0.9908363, 0.08026644
778.55, 0.9898883, 0.07995315
778.6, 0.9887823, 0.07963987
778.65, 0.9878343, 0.08151954
778.7, 0.9867283, 0.07870004
778.75, 0.9857804, 0.08167619
778.8, 0.9848324, 0.07885668
778.85, 0.9838845, 0.07791685
778.9, 0.9829365, 0.07744693
778.95, 0.9819884, 0.07838677
779, 0.9808825, 0.07744693
779.05, 0.9797766, 0.07729029
779.1, 0.9788285, 0.07572389
779.15, 0.9777226, 0.07603717
779.2, 0.9767746, 0.07619382
779.25, 0.9758266, 0.07697701
779.3, 0.9747207, 0.07572389
779.35, 0.9737727, 0.07525398
779.4, 0.9728248, 0.07431415
779.45, 0.9717188, 0.07525398
779.5, 0.9707708, 0.07509734
779.55, 0.9698228, 0.07619382
779.6, 0.9688748, 0.07635045
779.65, 0.9679269, 0.0777602
779.7, 0.9668209, 0.07635045
779.75, 0.9658729, 0.07337431
779.8, 0.9649249, 0.07368759
779.85, 0.963819, 0.07400087
779.9, 0.962871, 0.07478406
779.95, 0.9617651, 0.07274775
780, 0.9608171, 0.07337431
780.05, 0.9597111, 0.07337431
780.1, 0.9587631, 0.07337431
780.15, 0.9578151, 0.0721212
780.2, 0.9568672, 0.071338
780.25, 0.9559192, 0.07274775
780.3, 0.9548132, 0.07321767
780.35, 0.9538652, 0.07165127
780.4, 0.9529173, 0.07165127
780.45, 0.9519693, 0.07306103
780.5, 0.9510213, 0.07180792
780.55, 0.9500734, 0.07039816
780.6, 0.9489674, 0.07024152
780.65, 0.9480194, 0.07102472
780.7, 0.9470714, 0.0697716
780.75, 0.9461234, 0.07039816
780.8, 0.9450175, 0.06836185
780.85, 0.9439116, 0.06930169
780.9, 0.9431215, 0.0705548
780.95, 0.9420155, 0.06898841
781, 0.9409096, 0.06883177
781.05, 0.9399616, 0.06883177
781.1, 0.9388556, 0.06820521
781.15, 0.9379077, 0.06773529
781.2, 0.9369597, 0.06804857
781.25, 0.9360117, 0.06836185
781.3, 0.9349058, 0.06710874
781.35, 0.9341158, 0.06883177
781.4, 0.9330098, 0.06710874
781.45, 0.9320618, 0.06773529
781.5, 0.9311138, 0.06632554
781.55, 0.9301659, 0.0661689
781.6, 0.9290599, 0.06507242
781.65, 0.928112, 0.06679546
781.7, 0.927322, 0.0661689
781.75, 0.9262159, 0.06460251
781.8, 0.92511, 0.06460251
781.85, 0.924162, 0.06507242
781.9, 0.9232141, 0.06381931
781.95, 0.9221081, 0.06554235
782, 0.9211602, 0.06381931
782.05, 0.9202121, 0.06193964
782.1, 0.9191062, 0.06303611
782.15, 0.9181582, 0.06350603
782.2, 0.9172102, 0.061783
782.25, 0.9162623, 0.06319275
782.3, 0.9151562, 0.0625662
782.35, 0.9140503, 0.06193964
782.4, 0.9134184, 0.06303611
782.45, 0.9123124, 0.06115644
782.5, 0.9112064, 0.06021661
782.55, 0.9102585, 0.06084317
782.6, 0.9093104, 0.06052989
782.65, 0.9082044, 0.06005996
782.7, 0.9072565, 0.06021661
782.75, 0.9063085, 0.05943341
782.8, 0.9052026, 0.05927677
782.85, 0.9042546, 0.05880686
782.9, 0.9033066, 0.05786702
782.95, 0.9022006, 0.05755374
783, 0.9012527, 0.05802366
783.05, 0.9003047, 0.05692719
783.1, 0.8991988, 0.05645727
783.15, 0.8980927, 0.05551743
783.2, 0.8971447, 0.05583071
783.25, 0.8961968, 0.05598735
783.3, 0.8950908, 0.05520415
783.35, 0.8941429, 0.05426432
783.4, 0.8931949, 0.05551743
783.45, 0.8922469, 0.05410768
783.5, 0.8912989, 0.05473424
783.55, 0.890193, 0.05316784
783.6, 0.889245, 0.05395104
783.65, 0.8881391, 0.05285456
783.7, 0.887191, 0.05160145
783.75, 0.886243, 0.05081825
783.8, 0.8851371, 0.05207136
783.85, 0.8841891, 0.05097489
783.9, 0.8832412, 0.05081825
783.95, 0.8824512, 0.05097489
784, 0.8813452, 0.04972177
784.05, 0.8803972, 0.05003506
784.1, 0.8794492, 0.04956514
784.15, 0.8785013, 0.04956514
784.2, 0.8772373, 0.04768547
784.25, 0.8761314, 0.04846866
784.3, 0.8751833, 0.04799874
784.35, 0.8742354, 0.04721555
784.4, 0.8732874, 0.04690227
784.45, 0.8723395, 0.0478421
784.5, 0.8713915, 0.04690227
784.55, 0.8704435, 0.04627572
784.6, 0.8694955, 0.04643235
784.65, 0.8685476, 0.04533588
784.7, 0.8675996, 0.04643235
784.75, 0.8666516, 0.04470932
784.8, 0.8655456, 0.04423941
784.85, 0.8644397, 0.0450226
784.9, 0.8634917, 0.04298629
784.95, 0.8623857, 0.04455268
785, 0.8614377, 0.04408276
785.05, 0.8604898, 0.04314293
785.1, 0.8593838, 0.04204645
785.15, 0.8582778, 0.04235973
785.2, 0.8573298, 0.04235973
785.25, 0.8563819, 0.04204645
785.3, 0.8554339, 0.04048006
785.35, 0.854328, 0.04173318
785.4, 0.853538, 0.04235973
785.45, 0.85259, 0.03969686
785.5, 0.851484, 0.03938359
785.55, 0.850536, 0.03938359
785.6, 0.8495881, 0.0406367
785.65, 0.8486401, 0.03922695
785.7, 0.8475341, 0.03844375
785.75, 0.8464282, 0.03907031
785.8, 0.8454802, 0.04048006
785.85, 0.8445322, 0.03797383
785.9, 0.8435842, 0.03907031
785.95, 0.8426363, 0.03844375
786, 0.8415303, 0.03750391
786.05, 0.8405823, 0.03844375
786.1, 0.8396344, 0.03828711
786.15, 0.8385284, 0.03672072
786.2, 0.8372644, 0.03860039
786.25, 0.8364744, 0.03797383
786.3, 0.8355264, 0.03672072
786.35, 0.8344205, 0.03813047
786.4, 0.8334725, 0.03891367
786.45, 0.8322086, 0.03750391
786.5, 0.8307865, 0.03672072
786.55, 0.8295226, 0.03766055
786.6, 0.8282586, 0.03672072
786.65, 0.8273107, 0.03734728
786.7, 0.8262047, 0.03672072
786.75, 0.8252567, 0.03734728
786.8, 0.8241507, 0.03562424
786.85, 0.8232028, 0.03828711
786.9, 0.8222548, 0.03656408
786.95, 0.8213068, 0.0362508
787, 0.8202009, 0.03499769
787.05, 0.8192528, 0.03609416
787.1, 0.8181469, 0.03766055
787.15, 0.8171989, 0.03766055
787.2, 0.816251, 0.03766055
787.25, 0.815145, 0.03672072
787.3, 0.8141971, 0.03609416
787.35, 0.813091, 0.037034
787.4, 0.8121431, 0.037034
787.45, 0.8111951, 0.03797383
787.5, 0.8099312, 0.03672072
787.55, 0.8091412, 0.037034
787.6, 0.8081931, 0.03609416
787.65, 0.8072452, 0.03734728
787.7, 0.8062972, 0.03672072
787.75, 0.8051913, 0.03734728
787.8, 0.8042433, 0.03640744
787.85, 0.8032954, 0.03797383
787.9, 0.8021894, 0.0362508
787.95, 0.8012414, 0.037034
788, 0.8002934, 0.03656408
788.05, 0.7991874, 0.03797383
788.1, 0.7982395, 0.03766055
788.15, 0.7971334, 0.03672072
788.2, 0.7961855, 0.03687736
788.25, 0.7952375, 0.03687736
788.3, 0.7941316, 0.03672072
788.35, 0.7931836, 0.03797383
788.4, 0.7922357, 0.03609416
788.45, 0.7911296, 0.03734728
788.5, 0.7903396, 0.03797383
788.55, 0.7892337, 0.0398535
788.6, 0.7882857, 0.03938359
788.65, 0.7874958, 0.03813047
788.7, 0.7863898, 0.0378172
788.75, 0.7852838, 0.03954023
788.8, 0.7844938, 0.03828711
788.85, 0.7833878, 0.03969686
788.9, 0.7822819, 0.03891367
788.95, 0.7813339, 0.0398535
789, 0.780544, 0.03891367
789.05, 0.779596, 0.04016678
789.1, 0.77849, 0.04110662
789.15, 0.7775421, 0.04048006
789.2, 0.7764361, 0.04110662
789.25, 0.7754881, 0.04048006
789.3, 0.7743821, 0.04032342
789.35, 0.7734341, 0.04032342
789.4, 0.7724862, 0.04094998
789.45, 0.7713802, 0.0406367
789.5, 0.7702742, 0.0406367
789.55, 0.7694843, 0.04094998
789.6, 0.7685363, 0.04094998
789.65, 0.7675883, 0.04094998
789.7, 0.7666403, 0.04314293
789.75, 0.7655343, 0.04173318
789.8, 0.7645864, 0.04204645
789.85, 0.7634804, 0.04220309
789.9, 0.7625324, 0.04220309
789.95, 0.7614264, 0.04267301
790, 0.7604785, 0.04282965
790.05, 0.7593725, 0.0406367
790.1, 0.7584246, 0.04329957
790.15, 0.7574766, 0.04329957
790.2, 0.7565286, 0.04267301
790.25, 0.7554227, 0.04079334
790.3, 0.7544746, 0.04345621
790.35, 0.7533687, 0.04235973
790.4, 0.7522627, 0.04423941
790.45, 0.7513147, 0.04298629
790.5, 0.7502087, 0.04345621
790.55, 0.7492608, 0.04470932
790.6, 0.7483128, 0.04361285
790.65, 0.7473649, 0.04392612
790.7, 0.7464169, 0.04439604
790.75, 0.7454689, 0.04298629
790.8, 0.7445209, 0.04674564
790.85, 0.7434149, 0.04423941
790.9, 0.742625, 0.04549251
790.95, 0.741519, 0.04423941
791, 0.740571, 0.04455268
791.05, 0.7396231, 0.04423941
791.1, 0.7386751, 0.0450226
791.15, 0.7375691, 0.04455268
791.2, 0.7364632, 0.04658899
791.25, 0.7355151, 0.04455268
791.3, 0.7344092, 0.04533588
791.35, 0.7333032, 0.04925186
791.4, 0.7325132, 0.04831202
791.45, 0.7315653, 0.04549251
791.5, 0.7304593, 0.04658899
791.55, 0.7295113, 0.04674564
791.6, 0.7284054, 0.04690227
791.65, 0.7274574, 0.04596243
791.7, 0.7266674, 0.04831202
791.75, 0.7257195, 0.04846866
791.8, 0.7247715, 0.04909522
791.85, 0.7238235, 0.04831202
791.9, 0.7227175, 0.04925186
791.95, 0.7217695, 0.05128817
792, 0.7208216, 0.04846866
792.05, 0.7198736, 0.05003506
792.1, 0.7187676, 0.04799874
792.15, 0.7178196, 0.04909522
792.2, 0.7168717, 0.04909522
792.25, 0.7157657, 0.04909522
792.3, 0.7148178, 0.05003506
792.35, 0.7138698, 0.0494085
792.4, 0.7129217, 0.0486253
792.45, 0.7118158, 0.05066161
792.5, 0.7108678, 0.04878194
792.55, 0.7097619, 0.04925186
792.6, 0.7088139, 0.04878194
792.65, 0.7077079, 0.04878194
792.7, 0.7067599, 0.0494085
792.75, 0.705812, 0.05019169
792.8, 0.704864, 0.05160145
792.85, 0.703916, 0.05144481
792.9, 0.70281, 0.04972177
792.95, 0.701862, 0.05019169
793, 0.7009141, 0.05113153
793.05, 0.6999661, 0.05050497
793.1, 0.6990182, 0.04987842
793.15, 0.6979122, 0.04956514
793.2, 0.6966482, 0.05097489
793.25, 0.6958582, 0.05113153
793.3, 0.6949102, 0.05066161
793.35, 0.6938043, 0.05066161
793.4, 0.6928563, 0.05175809
793.45, 0.6919084, 0.05160145
793.5, 0.6908024, 0.05128817
793.55, 0.6898544, 0.05222801
793.6, 0.6889064, 0.05128817
793.65, 0.6879585, 0.05144481
793.7, 0.6870105, 0.05128817
793.75, 0.6859046, 0.05113153
793.8, 0.6849565, 0.05128817
793.85, 0.6840085, 0.05019169
793.9, 0.6829026, 0.05160145
793.95, 0.6819546, 0.05050497
794, 0.6808487, 0.05222801
794.05, 0.6799007, 0.05128817
794.1, 0.6789527, 0.05097489
794.15, 0.6778467, 0.05144481
794.2, 0.6768988, 0.05081825
794.25, 0.6757928, 0.05050497
794.3, 0.6748449, 0.05254128
794.35, 0.6737388, 0.05395104
794.4, 0.6727909, 0.05395104
794.45, 0.6720009, 0.05332448
794.5, 0.6708949, 0.05144481
794.55, 0.669947, 0.05050497
794.6, 0.668841, 0.05144481
794.65, 0.667893, 0.05003506
794.7, 0.667103, 0.05222801
794.75, 0.666155, 0.05191473
794.8, 0.6652071, 0.05238464
794.85, 0.6641011, 0.05191473
794.9, 0.6631532, 0.05207136
794.95, 0.6620471, 0.05285456
795, 0.6609412, 0.0530112
795.05, 0.6601512, 0.0530112
795.1, 0.6592032, 0.05269792
795.15, 0.6580973, 0.05285456
795.2, 0.6569914, 0.0537944
795.25, 0.6560433, 0.0545776
795.3, 0.6550953, 0.05567407
795.35, 0.6541474, 0.05551743
795.4, 0.6530414, 0.0530112
795.45, 0.6520935, 0.0545776
795.5, 0.6511455, 0.05551743
795.55, 0.6500395, 0.05755374
795.6, 0.6489335, 0.05489087
795.65, 0.6479856, 0.05395104
795.7, 0.6470376, 0.0537944
795.75, 0.6460896, 0.05473424
795.8, 0.6451416, 0.05551743
795.85, 0.6441936, 0.05583071
795.9, 0.6432457, 0.05395104
795.95, 0.6419817, 0.05520415
796, 0.6411918, 0.0545776
796.05, 0.6400858, 0.05473424
796.1, 0.6392958, 0.05410768
796.15, 0.6381898, 0.0530112
796.2, 0.6370838, 0.05410768
796.25, 0.6359779, 0.0530112
796.3, 0.634872, 0.05395104
796.35, 0.6339239, 0.05551743
796.4, 0.6329759, 0.05598735
796.45, 0.63187, 0.05583071
796.5, 0.63108, 0.05551743
796.55, 0.6299741, 0.05583071
796.6, 0.628868, 0.05520415
796.65, 0.6282361, 0.05708382
796.7, 0.6272881, 0.05504751
796.75, 0.6261821, 0.05645727
796.8, 0.6252342, 0.05677054
796.85, 0.6242862, 0.05583071
796.9, 0.6231802, 0.05645727
796.95, 0.6220742, 0.05536079
797, 0.6209683, 0.05802366
797.05, 0.6201783, 0.06005996
797.1, 0.6192303, 0.05724046
797.15, 0.6182824, 0.05786702
797.2, 0.6171764, 0.05614398
797.25, 0.6162284, 0.05677054
797.3, 0.6151224, 0.05645727
797.35, 0.6141745, 0.05755374
797.4, 0.6132265, 0.05755374
797.45, 0.6122785, 0.05771038
797.5, 0.6113305, 0.05818029
797.55, 0.6102245, 0.0573971
797.6, 0.6092766, 0.05724046
797.65, 0.6081706, 0.05614398
797.7, 0.6072227, 0.05583071
797.75, 0.6062747, 0.05630063
797.8, 0.6053267, 0.05551743
797.85, 0.6042207, 0.05473424
797.9, 0.6034307, 0.05786702
797.95, 0.6023248, 0.05583071
798, 0.6013768, 0.05677054
798.05, 0.6004288, 0.05724046
798.1, 0.5993229, 0.05551743
798.15, 0.5983749, 0.05645727
798.2, 0.597427, 0.0566139
798.25, 0.596321, 0.05583071
798.3, 0.595373, 0.05818029
798.35, 0.594267, 0.05708382
798.4, 0.593319, 0.05802366
798.45, 0.5922131, 0.05708382
798.5, 0.5911071, 0.0566139
798.55, 0.5901591, 0.05645727
798.6, 0.5892111, 0.05833694
798.65, 0.5882632, 0.05818029
798.7, 0.5873152, 0.05771038
798.75, 0.5863672, 0.0566139
798.8, 0.5852613, 0.05755374
798.85, 0.5843133, 0.05786702
798.9, 0.5832073, 0.05755374
798.95, 0.5822593, 0.05786702
799, 0.5813113, 0.05802366
799.05, 0.5803634, 0.05849357
799.1, 0.5792574, 0.05708382
799.15, 0.5783094, 0.05771038
799.2, 0.5772035, 0.05755374
799.25, 0.5762555, 0.05583071
799.3, 0.5753075, 0.05677054
799.35, 0.5742016, 0.05614398
799.4, 0.5730956, 0.05614398
799.45, 0.5721476, 0.05708382
799.5, 0.5711996, 0.05614398
799.55, 0.5700937, 0.05489087
799.6, 0.5691457, 0.05755374
799.65, 0.5681977, 0.05943341
799.7, 0.5672498, 0.05786702
799.75, 0.5661438, 0.05520415
799.8, 0.5651958, 0.05677054
799.85, 0.5642478, 0.05551743
799.9, 0.5632998, 0.05645727
799.95, 0.5623519, 0.05865022
800, 0.5612459, 0.05551743
800.05, 0.5602979, 0.05755374
800.1, 0.55935, 0.05645727
800.15, 0.558402, 0.05614398
800.2, 0.557454, 0.05551743
800.25, 0.556506, 0.05520415
800.3, 0.555558, 0.05551743
800.35, 0.5542941, 0.05442095
800.4, 0.5533461, 0.05551743
800.45, 0.5522401, 0.0573971
800.5, 0.5512922, 0.05645727
800.55, 0.5501862, 0.05473424
800.6, 0.5492382, 0.05489087
800.65, 0.5482903, 0.05442095
800.7, 0.5473422, 0.05567407
800.75, 0.5463943, 0.05395104
800.8, 0.5452883, 0.05395104
800.85, 0.5443404, 0.05504751
800.9, 0.5432344, 0.05363776
800.95, 0.5422865, 0.05551743
801, 0.5413384, 0.05489087
801.05, 0.5402325, 0.05348112
801.1, 0.5392845, 0.05645727
801.15, 0.5383365, 0.05614398
801.2, 0.5372306, 0.05520415
801.25, 0.5362825, 0.05614398
801.3, 0.5353346, 0.05520415
801.35, 0.5342286, 0.05410768
801.4, 0.5332807, 0.05395104
801.45, 0.5323327, 0.05426432
801.5, 0.5313847, 0.05332448
801.55, 0.5302787, 0.05285456
801.6, 0.5293308, 0.0530112
801.65, 0.5285408, 0.0537944
801.7, 0.5274348, 0.0537944
801.75, 0.5264868, 0.05175809
801.8, 0.5255389, 0.05222801
801.85, 0.5245909, 0.05285456
801.9, 0.5234849, 0.0530112
801.95, 0.5225369, 0.0530112
802, 0.521589, 0.05160145
802.05, 0.520483, 0.05348112
802.1, 0.5193771, 0.05254128
802.15, 0.5182711, 0.05285456
802.2, 0.5170071, 0.05254128
802.25, 0.5155851, 0.05348112
802.3, 0.5143211, 0.05285456
802.35, 0.5130572, 0.05269792
802.4, 0.5119512, 0.05316784
802.45, 0.5108452, 0.05207136
802.5, 0.5100553, 0.05395104
802.55, 0.5091073, 0.05269792
802.6, 0.5080013, 0.05254128
802.65, 0.5068954, 0.0530112
802.7, 0.5059474, 0.05316784
802.75, 0.5049994, 0.05191473
802.8, 0.5042095, 0.05128817
802.85, 0.5032614, 0.05316784
802.9, 0.5023135, 0.05363776
802.95, 0.5012075, 0.05269792
803, 0.5002595, 0.05348112
803.05, 0.4993116, 0.05128817
803.1, 0.4982056, 0.05113153
803.15, 0.4975736, 0.05128817
803.2, 0.4964677, 0.05113153
803.25, 0.4953617, 0.04956514
803.3, 0.4944137, 0.05128817
803.35, 0.4934658, 0.05050497
803.4, 0.4923598, 0.05050497
803.45, 0.4915698, 0.05175809
803.5, 0.4903058, 0.04972177
803.55, 0.4893579, 0.05019169
803.6, 0.4882519, 0.04909522
803.65, 0.4873039, 0.05050497
803.7, 0.4863559, 0.05050497
803.75, 0.48525, 0.05081825
803.8, 0.484302, 0.05019169
803.85, 0.483354, 0.05097489
803.9, 0.4825641, 0.05128817
803.95, 0.4816161, 0.05019169
804, 0.4806681, 0.05175809
804.05, 0.4795621, 0.05066161
804.1, 0.4786142, 0.04987842
804.15, 0.4776662, 0.05144481
804.2, 0.4765602, 0.0486253
804.25, 0.4756122, 0.05160145
804.3, 0.4745063, 0.04956514
804.35, 0.4735583, 0.05019169
804.4, 0.4726103, 0.04956514
804.45, 0.4716623, 0.04925186
804.5, 0.4705564, 0.05160145
804.55, 0.4694504, 0.05222801
804.6, 0.4683444, 0.05019169
804.65, 0.4673964, 0.05081825
804.7, 0.4662905, 0.05081825
804.75, 0.4653425, 0.05332448
804.8, 0.4643945, 0.0486253
804.85, 0.4634466, 0.04878194
804.9, 0.4623406, 0.05128817
804.95, 0.4615506, 0.04831202
805, 0.4604447, 0.04846866
805.05, 0.4596547, 0.04925186
805.1, 0.4585487, 0.04893858
805.15, 0.4576007, 0.04799874
805.2, 0.4566528, 0.04878194
805.25, 0.4557048, 0.04799874
805.3, 0.4545988, 0.04627572
805.35, 0.4534928, 0.04690227
805.4, 0.4525449, 0.04674564
805.45, 0.4515969, 0.04643235
805.5, 0.4503329, 0.04533588
805.55, 0.449385, 0.04690227
805.6, 0.448437, 0.04658899
805.65, 0.447331, 0.04564916
805.7, 0.446225, 0.04627572
805.75, 0.4455931, 0.04752883
805.8, 0.4443291, 0.04674564
805.85, 0.4433811, 0.04596243
805.9, 0.4425911, 0.0450226
805.95, 0.4416431, 0.04831202
806, 0.4403792, 0.04752883
806.05, 0.4395892, 0.05003506
806.1, 0.4384832, 0.04611908
806.15, 0.4375353, 0.04752883
806.2, 0.4365873, 0.04643235
806.25, 0.4354813, 0.04596243
806.3, 0.4343754, 0.04690227
806.35, 0.4334274, 0.04690227
806.4, 0.4323214, 0.04627572
806.45, 0.4313734, 0.04643235
806.5, 0.4305834, 0.04627572
806.55, 0.4294775, 0.04564916
806.6, 0.4285295, 0.04564916
806.65, 0.4275815, 0.04611908
806.7, 0.4264756, 0.04611908
806.75, 0.4255276, 0.04455268
806.8, 0.4245796, 0.04439604
806.85, 0.4234737, 0.04486596
806.9, 0.4223677, 0.04486596
806.95, 0.4215777, 0.04658899
807, 0.4204717, 0.04376949
807.05, 0.4196817, 0.0450226
807.1, 0.4185758, 0.0450226
807.15, 0.4176278, 0.04423941
807.2, 0.4166798, 0.04470932
807.25, 0.4157318, 0.04596243
807.3, 0.4146259, 0.04517924
807.35, 0.4136779, 0.04376949
807.4, 0.4125719, 0.04408276
807.45, 0.411624, 0.04408276
807.5, 0.410518, 0.04408276
807.55, 0.40957, 0.04392612
807.6, 0.408622, 0.04517924
807.65, 0.4076741, 0.04392612
807.7, 0.4067261, 0.04423941
807.75, 0.4056201, 0.04517924
807.8, 0.4046721, 0.0450226
807.85, 0.4037242, 0.04470932
807.9, 0.4026182, 0.04549251
807.95, 0.4016702, 0.04439604
808, 0.4005643, 0.04533588
808.05, 0.3996163, 0.04517924
808.1, 0.3985103, 0.0450226
808.15, 0.3977204, 0.04439604
808.2, 0.3966144, 0.04486596
808.25, 0.3956664, 0.04204645
808.3, 0.3947184, 0.04157653
808.35, 0.3937705, 0.04079334
808.4, 0.3925065, 0.03907031
808.45, 0.3914005, 0.04001015
808.5, 0.3904525, 0.0406367
808.55, 0.3896626, 0.04001015
808.6, 0.3883986, 0.03875703
808.65, 0.3874506, 0.03938359
808.7, 0.3865027, 0.04126326
808.75, 0.3855547, 0.04188982
808.8, 0.3847647, 0.04204645
808.85, 0.3838167, 0.04298629
808.9, 0.3827108, 0.04455268
808.95, 0.3819208, 0.04329957
809, 0.3808148, 0.04486596
809.05, 0.3798668, 0.04361285
809.1, 0.3790769, 0.04298629
809.15, 0.3779709, 0.04204645
809.2, 0.3768649, 0.04361285
809.25, 0.375917, 0.04204645
809.3, 0.3749689, 0.04267301
809.35, 0.373863, 0.04298629
809.4, 0.372757, 0.04173318
809.45, 0.371809, 0.04267301
809.5, 0.3708611, 0.04392612
809.55, 0.3699131, 0.0406367
809.6, 0.3688071, 0.04001015
809.65, 0.3677012, 0.04110662
809.7, 0.3669112, 0.03969686
809.75, 0.3658052, 0.03954023
809.8, 0.3646992, 0.04001015
809.85, 0.3639093, 0.0414199
809.9, 0.3629613, 0.04251637
809.95, 0.3618553, 0.03938359
810, 0.3609074, 0.04188982
810.05, 0.3599594, 0.04094998
810.1, 0.3586954, 0.04329957
810.15, 0.3579054, 0.04235973
810.2, 0.3569575, 0.04220309
810.25, 0.3560095, 0.04188982
810.3, 0.3549035, 0.04251637
810.35, 0.3539555, 0.04126326
810.4, 0.3530076, 0.04173318
810.45, 0.3519016, 0.04048006
810.5, 0.3509536, 0.04094998
810.55, 0.3500057, 0.04094998
810.6, 0.3490577, 0.04094998
810.65, 0.3481097, 0.04173318
810.7, 0.3470037, 0.04267301
810.75, 0.3458978, 0.04157653
810.8, 0.3449498, 0.04157653
810.85, 0.3440018, 0.04188982
810.9, 0.3430538, 0.04157653
810.95, 0.3419479, 0.04032342
811, 0.3409999, 0.04001015
811.05, 0.3400519, 0.04094998
811.1, 0.338946, 0.04032342
811.15, 0.3383139, 0.04126326
811.2, 0.33705, 0.0414199
811.25, 0.336102, 0.0406367
811.3, 0.334996, 0.04126326
811.35, 0.3338901, 0.04298629
811.4, 0.3329421, 0.04298629
811.45, 0.3319941, 0.04235973
811.5, 0.3310462, 0.04314293
811.55, 0.3299402, 0.04188982
811.6, 0.3289922, 0.04361285
811.65, 0.3280442, 0.04298629
811.7, 0.3270963, 0.04188982
811.75, 0.3259903, 0.04173318
811.8, 0.3250423, 0.04329957
811.85, 0.3240943, 0.04376949
811.9, 0.3231464, 0.04267301
811.95, 0.3221984, 0.04220309
812, 0.3212504, 0.04251637
812.05, 0.3201444, 0.04235973
812.1, 0.3191965, 0.04329957
812.15, 0.3182485, 0.04267301
812.2, 0.3173005, 0.04251637
812.25, 0.3163526, 0.04329957
812.3, 0.3152466, 0.04126326
812.35, 0.3142986, 0.04001015
812.4, 0.3131926, 0.04173318
812.45, 0.3120867, 0.04032342
812.5, 0.3111387, 0.0406367
812.55, 0.3100327, 0.04032342
812.6, 0.3090847, 0.04126326
812.65, 0.3079788, 0.04188982
812.7, 0.3070308, 0.04016678
812.75, 0.3059248, 0.04094998
812.8, 0.3049769, 0.04032342
812.85, 0.3040289, 0.03844375
812.9, 0.3030809, 0.03891367
812.95, 0.3019749, 0.0406367
813, 0.301185, 0.03954023
813.05, 0.300079, 0.03907031
813.1, 0.298973, 0.03907031
813.15, 0.298025, 0.04048006
813.2, 0.2970771, 0.03922695
813.25, 0.2961291, 0.04001015
813.3, 0.2951811, 0.03797383
813.35, 0.2940752, 0.03907031
813.4, 0.2929692, 0.04001015
813.45, 0.2920212, 0.04001015
813.5, 0.2910733, 0.03813047
813.55, 0.2901253, 0.03640744
813.6, 0.2890193, 0.0398535
813.65, 0.2879133, 0.03687736
813.7, 0.2869654, 0.03828711
813.75, 0.2860174, 0.03750391
813.8, 0.2849114, 0.03750391
813.85, 0.2841214, 0.03969686
813.9, 0.2833315, 0.03719064
813.95, 0.2822255, 0.03593753
814, 0.2812775, 0.03875703
814.05, 0.2803295, 0.03828711
814.1, 0.2793815, 0.03687736
814.15, 0.2784336, 0.03562424
814.2, 0.2773276, 0.03499769
814.25, 0.2763796, 0.03734728
814.3, 0.2752737, 0.03562424
814.35, 0.2743257, 0.03719064
814.4, 0.2733777, 0.03405785
814.45, 0.2724297, 0.03531097
814.5, 0.2713238, 0.03202154
814.55, 0.2702178, 0.03343129
814.6, 0.2694278, 0.03421449
814.65, 0.2683219, 0.03296138
814.7, 0.2672159, 0.03437113
814.75, 0.2662679, 0.03280474
814.8, 0.2653199, 0.03139498
814.85, 0.264372, 0.0326481
814.9, 0.263266, 0.03155162
814.95, 0.262318, 0.03202154
815, 0.2612121, 0.03061179
815.05, 0.2602641, 0.0310817
815.1, 0.2593161, 0.03170826
815.15, 0.2583681, 0.03155162
815.2, 0.2574202, 0.03076843
815.25, 0.2564722, 0.03029851
815.3, 0.2555242, 0.02982859
815.35, 0.2544182, 0.02998523
815.4, 0.2534702, 0.02967195
815.45, 0.2523643, 0.03170826
815.5, 0.2514163, 0.02998523
815.55, 0.2503103, 0.02763564
815.6, 0.2490464, 0.02779228
815.65, 0.2480984, 0.02888875
815.7, 0.2473084, 0.03170826
815.75, 0.2463604, 0.0282622
815.8, 0.2452545, 0.02873212
815.85, 0.2443065, 0.03076843
815.9, 0.2433585, 0.02716572
815.95, 0.2424106, 0.0290454
816, 0.2413046, 0.02606925
816.05, 0.2391607, 0.02606925
816.1, 0.2384346, 0.02794892
816.15, 0.237519, 0.02779228
816.2, 0.2366193, 0.02794892
816.25, 0.2355143, 0.02700908
816.3, 0.2346146, 0.0266958
816.35, 0.233699, 0.02810556
816.4, 0.2325467, 0.02418958
816.45, 0.2316154, 0.02638253
816.5, 0.2306683, 0.02497277
816.55, 0.2295791, 0.02528605
816.6, 0.2285215, 0.0223099
816.65, 0.2274955, 0.02450286
816.7, 0.2265641, 0.02293646
816.75, 0.2254907, 0.02090015
816.8, 0.2244331, 0.02246655
816.85, 0.2234071, 0.02152671
816.9, 0.2226178, 0.02450286
816.95, 0.2217497, 0.02324974
817, 0.2207868, 0.02168335
817.05, 0.2196818, 0.0202736
817.1, 0.2186716, 0.02105679
817.15, 0.2177245, 0.02168335
817.2, 0.2166984, 0.02121343
817.25, 0.2157197, 0.02011696
817.3, 0.2147411, 0.02183999
817.35, 0.2137466, 0.0202736
817.4, 0.2128311, 0.02043023
817.45, 0.2118366, 0.02058687
817.5, 0.2106054, 0.0158877
817.55, 0.2095004, 0.01886384
817.6, 0.2084586, 0.01698417
817.65, 0.2075588, 0.01886384
817.7, 0.2065644, 0.01651425
817.75, 0.2055541, 0.0187072
817.8, 0.204607, 0.0158877
817.85, 0.2036757, 0.01620097
817.9, 0.2026812, 0.01651425
817.95, 0.201592, 0.01259827
818, 0.2008344, 0.01682753
818.05, 0.199761, 0.01165843
818.1, 0.1986402, 0.01009204
818.15, 0.1975984, 0.01197171
818.2, 0.1966987, 0.01228499
818.25, 0.1956253, 0.01024868
818.3, 0.1947255, 0.01197171
818.35, 0.1937784, 0.0115018
818.4, 0.192705, 0.008525651
818.45, 0.1915843, 0.007585815
818.5, 0.1906687, 0.009622125
818.55, 0.1896585, 0.007272535
818.6, 0.1886482, 0.008525651
818.65, 0.187638, 0.008525651
818.7, 0.1867856, 0.01024868
818.75, 0.1856491, 0.006645979
818.8, 0.1847651, 0.007585815
818.85, 0.1838338, 0.007585815
818.9, 0.1828866, 0.007429176
818.95, 0.1818448, 0.004922947
819, 0.1808346, 0.004296389
819.05, 0.1798086, 0.004766307
819.1, 0.1787983, 0.002886636
819.15, 0.1776933, 0.001006966
819.2, 0.1766515, 6.71298e-05
819.25, 0.175657, 0.004609668
819.3, 0.1746626, 0.003043275
819.35, 0.1736681, 0.002416719
819.4, 0.1727052, 0.003356554
819.45, 0.1718055, 6.71298e-05
819.5, 0.1708584, 0.002260081
819.55, 0.1697376, -0.003222294
819.6, 0.1686958, -0.001812541
819.65, 0.1677013, 0.0003804087
819.7, 0.1666753, 0.001006966
819.75, 0.1656493, -0.002125819
819.8, 0.164718, 0.001163605
819.85, 0.1636446, -0.003065657
819.9, 0.1626185, -0.001969181
819.95, 0.1615767, -0.001499263
820, 0.1607559, 0.002260081
820.05, 0.1597141, -0.001499263
820.1, 0.1587512, -0.0008727057
820.15, 0.1576778, -0.003848852
820.2, 0.1566991, -0.003692212
820.25, 0.1556889, -0.001499263
820.3, 0.154726, -0.002125819
820.35, 0.1538262, -0.001029345
820.4, 0.1528633, -0.002125819
820.45, 0.1517899, -0.005258605
820.5, 0.1507007, -0.007921474
820.55, 0.1497536, -0.002909017
820.6, 0.1488855, -0.003848852
820.65, 0.1477647, -0.01215073
820.7, 0.1467545, -0.01027106
820.75, 0.1456495, -0.01434368
820.8, 0.1446077, -0.01465696
820.85, 0.14385, -0.007921474
820.9, 0.1428082, -0.01512688
820.95, 0.1416716, -0.01825966
821, 0.140693, -0.01152418
821.05, 0.1397774, -0.0112109
821.1, 0.1387514, -0.01418704
821.15, 0.1376938, -0.01512688
821.2, 0.1367151, -0.01544016
821.25, 0.1356733, -0.01497024
821.3, 0.1347577, -0.01089762
821.35, 0.1337317, -0.01340385
821.4, 0.1328162, -0.01324721
821.45, 0.1317744, -0.01778975
821.5, 0.130843, -0.01684991
821.55, 0.1297539, -0.01951278
821.6, 0.1287752, -0.01888622
821.65, 0.1277807, -0.02013933
821.7, 0.1267231, -0.02139245
821.75, 0.1256655, -0.02264556
821.8, 0.1247973, -0.01982606
821.85, 0.1237397, -0.02577835
821.9, 0.1226979, -0.02264556
821.95, 0.1216877, -0.02452523
822, 0.1207248, -0.0243686
822.05, 0.1197303, -0.02703146
822.1, 0.1187832, -0.0287545
822.15, 0.1178992, -0.02577835
822.2, 0.1169837, -0.02953769
822.25, 0.1158787, -0.03455015
822.3, 0.1147422, -0.03893605
822.35, 0.1136846, -0.03956261
822.4, 0.1125638, -0.04410514
822.45, 0.1117272, -0.03830949
822.5, 0.1106538, -0.04708129
822.55, 0.1094542, -0.05068399
822.6, 0.1086018, -0.04332195
822.65, 0.1077178, -0.04598481
822.7, 0.1067707, -0.04896096
822.75, 0.1057131, -0.05459998
822.8, 0.1048607, -0.0519371
822.85, 0.1038347, -0.05741948
822.9, 0.102856, -0.06039562
822.95, 0.1018773, -0.06102219
823, 0.101088, -0.06039562
823.05, 0.1000304, -0.06697448
823.1, 0.0991149, -0.06603464
823.15, 0.09812044, -0.07198694
823.2, 0.09709441, -0.07981889
823.25, 0.09603681, -0.0834216
823.3, 0.09508969, -0.08530127
823.35, 0.09411101, -0.09109693
823.4, 0.09297449, -0.1014351
823.45, 0.09202737, -0.09939881
823.5, 0.09101713, -0.1062909
823.55, 0.09000688, -0.1119299
823.6, 0.08899663, -0.1163158
823.65, 0.0879706, -0.117569
823.7, 0.0870077, -0.1252443
823.75, 0.08598167, -0.1318231
823.8, 0.08503456, -0.1355825
823.85, 0.08394539, -0.144041
823.9, 0.0829825, -0.1446675
823.95, 0.08200381, -0.1537526
824, 0.08083571, -0.16879
824.05, 0.07990438, -0.1684767
824.1, 0.07889414, -0.1794415
824.15, 0.07777339, -0.1943222
824.2, 0.07681049, -0.1960452
824.25, 0.07576868, -0.2085764
824.3, 0.07475843, -0.2167216
824.35, 0.07382711, -0.2254934
824.4, 0.07283264, -0.2369281
824.45, 0.07188553, -0.2466397
824.5, 0.07089107, -0.2616771
824.55, 0.06986504, -0.2779676
824.6, 0.06879164, -0.2930049
824.65, 0.06782875, -0.3009936
824.7, 0.06675537, -0.3221398
824.75, 0.06566619, -0.34031
824.8, 0.06478222, -0.3479853
824.85, 0.06386668, -0.3592634
824.9, 0.06295115, -0.3757105
824.95, 0.06186197, -0.3977966
825, 0.06083594, -0.415027
825.05, 0.05995197, -0.4244253
825.1, 0.05897329, -0.4451017
825.15, 0.0578999, -0.4690675
825.2, 0.05696858, -0.4820685
825.25, 0.05592676, -0.5074441
825.3, 0.05488494, -0.5361091
825.35, 0.05379576, -0.563521
825.4, 0.05267502, -0.591716
825.45, 0.05164898, -0.6144287
825.5, 0.05071766, -0.6329122
